cam0:
  cam_overlaps: [1, 2]
  camera_model: omni
  distortion_coeffs: [-0.07869357260596307, 0.022531238876632203, 0.0017133572241699235, 0.002724751392970083]
  distortion_model: radtan
  intrinsics: [0.3535271843034865, 2592.7798180209766, 2597.1074116646814, 1121.2441077660412, 690.1066893999352]
  resolution: [2048, 1536]
  rostopic: /cam0/image_raw
cam1:
  T_cn_cnm1:
  - [0.9966050852350032, 0.0018025810956462127, 0.08231072096103041, 0.058348558249773974]
  - [-0.00029275262105358537, 0.9998315556310521, -0.018351421206337717, 0.0015723475769044038]
  - [-0.0823299361085253, 0.018265023016223507, 0.9964377404306713, 0.02935723981670002]
  - [0.0, 0.0, 0.0, 1.0]
  cam_overlaps: [0, 2]
  camera_model: pinhole
  distortion_coeffs: [-0.364714404546865, 0.07816135096611694, 0.005085888890347796, -0.0036418328217707836]
  distortion_model: radtan
  intrinsics: [704.7619734668378, 705.9081489448346, 300.78994093351923, 229.8585626133938]
  resolution: [640, 480]
  rostopic: /cam1/image_raw
cam2:
  T_cn_cnm1:
  - [0.9999714283197217, -0.0006159292736051988, 0.007534134014844326, -0.10245440610370138]
  - [0.0006119760079932377, 0.9999996738738459, 0.0005270081360818972, 0.0001138693144027686]
  - [-0.007534456157504587, -0.0005223823693158363, 0.9999714791368196, 0.0028387840213753655]
  - [0.0, 0.0, 0.0, 1.0]
  cam_overlaps: [0, 1]
  camera_model: omni
  distortion_coeffs: [0.4008405051407828, -35.782378911149834, 0.018867056305151703, -0.0068405689007467185]
  distortion_model: radtan
  intrinsics: [2.6174837933891757, 2644.449052050593, 2655.684777520004, 308.2314261541802, 242.6688683046158]
  resolution: [640, 480]
  rostopic: /cam2/image_raw
